# PDE of SiPM sensors to be used on SC-MST,
# averaged over angles of incidence by Olivier Hervet, 2022-03-08.
# For angle dependence see Redmine issue 37521.
# Scaled from percentage to absolute values (OG).
#
# Downloaded on 2022-06-08 from
# https://gitlab.cta-observatory.org/cta-science/simulations/simulation-model/verification/data-from-instrument-teams/sct/camera/pde
#
# Col. 1: Wavelength [nm]
# Col. 2: Photon detection efficiency
#
200 0.0516321
201.995 0.0440386
203.99 0.0456637
205.985 0.0651305
207.98 0.0645565
209.975 0.0573194
211.97 0.0729409
213.965 0.0886866
215.96 0.0832504
217.955 0.076487
219.95 0.0890892
221.945 0.106469
223.94 0.105998
225.935 0.101938
227.93 0.103695
229.925 0.12825
231.92 0.139153
233.915 0.134035
235.91 0.135245
237.905 0.13888
239.9 0.160061
241.895 0.163419
243.89 0.150742
245.885 0.16549
247.88 0.167093
249.875 0.173377
251.87 0.185657
253.865 0.164918
255.86 0.160504
257.855 0.183885
259.85 0.1901
261.845 0.195322
263.84 0.208126
265.835 0.191888
267.83 0.171582
269.825 0.178763
271.82 0.206055
273.815 0.220133
275.81 0.234886
277.805 0.250072
279.8 0.229866
281.796 0.21496
283.791 0.222998
285.786 0.247
287.781 0.27943
289.776 0.301671
291.771 0.324383
293.766 0.322959
295.761 0.304432
297.756 0.295855
299.751 0.305874
301.746 0.324773
303.741 0.362439
305.736 0.402065
307.731 0.425234
309.726 0.428625
311.721 0.406309
313.716 0.382304
315.711 0.365993
317.706 0.359672
319.701 0.367148
321.696 0.389762
323.691 0.424633
325.686 0.463785
327.681 0.487995
329.676 0.488504
331.671 0.466929
333.666 0.43744
335.661 0.408517
337.656 0.386228
339.651 0.376087
341.646 0.37984
343.641 0.395251
345.636 0.426445
347.631 0.464908
349.626 0.497032
351.621 0.509358
353.616 0.49402
355.611 0.461717
357.606 0.425962
359.601 0.393408
361.596 0.372555
363.591 0.363899
365.586 0.366593
367.581 0.380769
369.576 0.406313
371.571 0.445799
373.566 0.48858
375.561 0.520287
377.556 0.53155
379.551 0.521029
381.546 0.4981
383.541 0.467944
385.536 0.442078
387.531 0.422721
389.526 0.410992
391.521 0.40708
393.516 0.408462
395.511 0.417569
397.506 0.433735
399.501 0.456387
401.496 0.483364
403.491 0.51084
405.486 0.533901
407.481 0.545723
409.476 0.543398
411.471 0.526996
413.466 0.502002
415.461 0.47312
417.456 0.446195
419.451 0.424393
421.446 0.408401
423.441 0.398286
425.436 0.394138
427.431 0.393161
429.426 0.395415
431.421 0.401805
433.416 0.41266
435.411 0.424849
437.406 0.43819
439.401 0.451079
441.397 0.462075
443.392 0.467766
445.387 0.468623
447.382 0.462059
449.377 0.450964
451.372 0.434769
453.367 0.41686
455.362 0.400084
457.357 0.383005
459.352 0.367728
461.347 0.355844
463.342 0.346231
465.337 0.340035
467.332 0.337814
469.327 0.335598
471.322 0.336595
473.317 0.339309
475.312 0.346846
477.307 0.353843
479.302 0.361872
481.297 0.370106
483.292 0.37539
485.287 0.380116
487.282 0.383006
489.277 0.384279
491.272 0.382997
493.267 0.378797
495.262 0.373632
497.257 0.367507
499.252 0.360677
501.247 0.352556
503.242 0.342876
505.237 0.333861
507.232 0.32504
509.227 0.317573
511.222 0.311008
513.217 0.305493
515.212 0.301033
517.207 0.29836
519.202 0.297878
521.197 0.297954
523.192 0.298722
525.187 0.300757
527.182 0.304157
529.177 0.307106
531.172 0.310776
533.167 0.314058
535.162 0.316129
537.157 0.319398
539.152 0.320991
541.147 0.321956
543.142 0.322806
545.137 0.321663
547.132 0.318821
549.127 0.316086
551.122 0.312788
553.117 0.308939
555.112 0.305197
557.107 0.300926
559.102 0.296073
561.097 0.291769
563.092 0.287378
565.087 0.282357
567.082 0.277718
569.077 0.273229
571.072 0.268665
573.067 0.264629
575.062 0.262054
577.057 0.259052
579.052 0.255417
581.047 0.253107
583.042 0.251468
585.037 0.250509
587.032 0.249961
589.027 0.249645
591.022 0.249392
593.017 0.249393
595.012 0.249674
597.007 0.249877
599.002 0.24996
600.998 0.250237
602.993 0.250683
604.988 0.250684
606.983 0.251192
608.978 0.250846
610.973 0.249547
612.968 0.248245
614.963 0.246591
616.958 0.244345
618.953 0.242065
620.948 0.240016
622.943 0.237097
624.938 0.233773
626.933 0.230145
628.928 0.226596
630.923 0.222768
632.918 0.219128
634.913 0.215961
636.908 0.213129
638.903 0.210912
640.898 0.207925
642.893 0.204999
644.888 0.203339
646.883 0.201216
648.878 0.198967
650.873 0.196471
652.868 0.194377
654.863 0.193072
656.858 0.19152
658.853 0.18963
660.848 0.18799
662.843 0.186329
664.838 0.18468
666.833 0.183022
668.828 0.181766
670.823 0.180846
672.818 0.17961
674.813 0.178995
676.808 0.177998
678.803 0.17707
680.798 0.176761
682.793 0.175682
684.788 0.174245
686.783 0.173494
688.778 0.172855
690.773 0.172066
692.768 0.171262
694.763 0.170603
696.758 0.169803
698.753 0.168938
700.748 0.167624
702.743 0.166633
704.738 0.165371
706.733 0.163549
708.728 0.161966
710.723 0.160215
712.718 0.158061
714.713 0.156362
716.708 0.154536
718.703 0.152709
720.698 0.150646
722.693 0.148585
724.688 0.146717
726.683 0.144829
728.678 0.142541
730.673 0.140079
732.668 0.138094
734.663 0.136169
736.658 0.134212
738.653 0.132291
740.648 0.130436
742.643 0.128687
744.638 0.127338
746.633 0.126009
748.628 0.124695
750.623 0.123134
752.618 0.122025
754.613 0.120799
756.608 0.119587
758.603 0.118117
760.599 0.11669
762.594 0.115213
764.589 0.113327
766.584 0.111994
768.579 0.111515
770.574 0.109545
772.569 0.108331
774.564 0.107063
776.559 0.106272
778.554 0.10519
780.549 0.104018
782.544 0.102475
784.539 0.101387
786.534 0.100313
788.529 0.0989609
790.524 0.0970754
792.519 0.0965919
794.514 0.0953465
796.509 0.0938705
798.504 0.0921641
800.499 0.0917044
802.494 0.0906641
804.489 0.0898784
806.484 0.0887957
808.479 0.0875839
810.474 0.0865539
812.469 0.0856099
814.464 0.0850061
816.459 0.0840641
818.454 0.0827867
820.449 0.081366
822.444 0.0789577
824.439 0.0774269
826.434 0.0775637
828.429 0.0762864
830.424 0.0759621
832.419 0.0748131
834.414 0.0728318
836.409 0.0713632
838.404 0.0716969
840.399 0.0698971
842.394 0.0677142
844.389 0.0681375
846.384 0.067189
848.379 0.0661894
850.374 0.0650861
852.369 0.0634911
854.364 0.0622576
856.359 0.0609419
858.354 0.0594306
860.349 0.0581558
862.344 0.0572372
864.339 0.0557995
866.334 0.0542866
868.329 0.0531391
870.324 0.0520967
872.319 0.0506012
874.314 0.0492666
876.309 0.048186
878.304 0.0472276
880.299 0.0459402
882.294 0.0442252
884.289 0.0437925
886.284 0.0436745
888.279 0.0427153
890.274 0.0419312
892.269 0.0408231
894.264 0.0395062
896.259 0.0382419
898.254 0.0385286
900.249 0.0376013
902.244 0.036858
904.239 0.0357129
906.234 0.0346536
908.229 0.034916
910.224 0.0341632
912.219 0.0332017
914.214 0.0321388
916.209 0.0304786
918.204 0.0301015
920.2 0.0300206
922.195 0.029354
924.19 0.0287803
926.185 0.0281256
928.18 0.027635
930.175 0.0267952
932.17 0.0259424
934.165 0.0254373
936.16 0.0247001
938.155 0.0232227
940.15 0.0226304
942.145 0.0224981
944.14 0.0219681
946.135 0.021205
948.13 0.0207525
950.125 0.0200061
952.12 0.0191735
954.115 0.0189851
956.11 0.0188609
958.105 0.0185985
960.1 0.0182875
962.095 0.0178208
964.09 0.017397
966.085 0.0167443
968.08 0.015982
970.075 0.0152859
972.07 0.0148142
974.065 0.0145425
976.06 0.0143093
978.055 0.0138092
980.05 0.0128795
982.045 0.0127941
984.04 0.0126776
986.035 0.0122494
988.03 0.0117116
990.025 0.0111969
992.02 0.0103739
994.015 0.010148
996.01 0.0102726
998.005 0.0100437
1000 0.00966204
