# File: data/simulation/ref_AlSiO2HfO2.dat
# Provinance: Konrad Bernlohr's CTA PROD-3 sim_telarray package (retrieved 2016-11-08)
# - URL: https://www.mpi-hd.mpg.de/hfm/CTA/MC/Software/corsika_simtelarray_2016-06-30.tar.gz
#   -> sim_telarray_config.tar.gz
#   -> sim_telarray/cfg/common/ref_AlSiO2HfO2.dat
# Copyright notice: data/copyright/bernlohr_simtelarray_copyright.txt
# License: CC-BY-SA-4.0

200	0.19812
201	0.239897
202	0.283868
203	0.3284
204	0.372098
205	0.415577
206	0.455624
207	0.493235
208	0.527249
209	0.560227
210	0.588514
211	0.614142
212	0.637137
213	0.657836
214	0.67591
215	0.691839
216	0.706507
217	0.719012
218	0.730142
219	0.740258
220	0.74909
221	0.756682
222	0.763438
223	0.769178
224	0.775115
225	0.77916
226	0.782579
227	0.785034
228	0.786933
229	0.787917
230	0.788612
231	0.788382
232	0.787791
233	0.786411
234	0.784827
235	0.782545
236	0.780542
237	0.777383
238	0.774186
239	0.770331
240	0.766136
241	0.761456
242	0.75713
243	0.751206
244	0.745936
245	0.740399
246	0.734078
247	0.728086
248	0.722125
249	0.715718
250	0.709393
251	0.703191
252	0.697496
253	0.691645
254	0.686239
255	0.681235
256	0.676932
257	0.672996
258	0.66974
259	0.667645
260	0.66607
261	0.665133
262	0.665413
263	0.666524
264	0.668354
265	0.671293
266	0.675053
267	0.679518
268	0.684907
269	0.690734
270	0.697456
271	0.704454
272	0.711607
273	0.719355
274	0.72713
275	0.734669
276	0.7429
277	0.750533
278	0.759183
279	0.767127
280	0.775158
281	0.782185
282	0.789937
283	0.796338
284	0.803644
285	0.809482
286	0.816358
287	0.821887
288	0.828375
289	0.833448
290	0.839058
291	0.84398
292	0.849101
293	0.853397
294	0.858785
295	0.861888
296	0.867351
297	0.869837
298	0.874509
299	0.880667
300	0.883834
301	0.887273
302	0.890546
303	0.893007
304	0.895699
305	0.898381
306	0.901269
307	0.903411
308	0.905566
309	0.908009
310	0.910025
311	0.912354
312	0.914199
313	0.915945
314	0.917523
315	0.919882
316	0.92131
317	0.922754
318	0.92445
319	0.925937
320	0.927409
321	0.928578
322	0.929982
323	0.931252
324	0.932431
325	0.933438
326	0.934807
327	0.935747
328	0.936564
329	0.93745
330	0.938689
331	0.939606
332	0.940389
333	0.941283
334	0.94217
335	0.943166
336	0.943447
337	0.944083
338	0.944602
339	0.945564
340	0.94645
341	0.946771
342	0.947534
343	0.947782
344	0.948692
345	0.949092
346	0.949341
347	0.949942
348	0.950392
349	0.95082
350	0.951083
351	0.951743
352	0.952153
353	0.9523
354	0.952838
355	0.953301
356	0.953486
357	0.95349
358	0.953947
359	0.954445
360	0.954454
361	0.954734
362	0.954631
363	0.955255
364	0.955306
365	0.955618
366	0.955513
367	0.955764
368	0.956203
369	0.956322
370	0.956552
371	0.956674
372	0.956644
373	0.956787
374	0.957179
375	0.957351
376	0.957172
377	0.957114
378	0.957527
379	0.95776
380	0.957693
381	0.957673
382	0.95786
383	0.958018
384	0.958048
385	0.957977
386	0.957868
387	0.958045
388	0.958231
389	0.958257
390	0.957922
391	0.958245
392	0.958415
393	0.958454
394	0.95818
395	0.958194
396	0.958446
397	0.958512
398	0.958125
399	0.958184
400	0.958434
401	0.958468
402	0.958184
403	0.95824
404	0.958323
405	0.958073
406	0.958262
407	0.95809
408	0.95779
409	0.957849
410	0.957937
411	0.957795
412	0.957874
413	0.957642
414	0.957454
415	0.957487
416	0.957483
417	0.957092
418	0.957257
419	0.95713
420	0.956705
421	0.956799
422	0.956713
423	0.956593
424	0.956126
425	0.956212
426	0.956297
427	0.956223
428	0.955705
429	0.95558
430	0.955402
431	0.955351
432	0.955159
433	0.955016
434	0.954839
435	0.954716
436	0.954532
437	0.954427
438	0.95425
439	0.953981
440	0.954052
441	0.953702
442	0.953609
443	0.953405
444	0.953135
445	0.953154
446	0.95277
447	0.952593
448	0.952517
449	0.952351
450	0.952111
451	0.952025
452	0.951684
453	0.951531
454	0.95135
455	0.951084
456	0.950926
457	0.950845
458	0.950488
459	0.950303
460	0.949987
461	0.949806
462	0.949591
463	0.949343
464	0.949204
465	0.949126
466	0.949005
467	0.948741
468	0.948511
469	0.948123
470	0.947936
471	0.947685
472	0.947486
473	0.947152
474	0.946955
475	0.94673
476	0.946343
477	0.946127
478	0.94585
479	0.945602
480	0.945366
481	0.945111
482	0.944717
483	0.944442
484	0.944116
485	0.943806
486	0.943504
487	0.943231
488	0.942912
489	0.942682
490	0.942371
491	0.942078
492	0.941694
493	0.9413
494	0.94111
495	0.940679
496	0.940413
497	0.940057
498	0.939796
499	0.939266
500	0.938971
501	0.938649
502	0.93825
503	0.937995
504	0.937583
505	0.937315
506	0.937042
507	0.936641
508	0.936164
509	0.935902
510	0.935448
511	0.935067
512	0.934851
513	0.934238
514	0.933896
515	0.933431
516	0.933173
517	0.932754
518	0.932239
519	0.931932
520	0.931504
521	0.931082
522	0.93067
523	0.930224
524	0.929885
525	0.92937
526	0.929035
527	0.92845
528	0.928161
529	0.927676
530	0.927242
531	0.926868
532	0.926371
533	0.925939
534	0.925444
535	0.924973
536	0.924483
537	0.924022
538	0.923581
539	0.923194
540	0.92267
541	0.922163
542	0.921749
543	0.921288
544	0.920583
545	0.920292
546	0.919684
547	0.919237
548	0.918671
549	0.918176
550	0.917679
551	0.917021
552	0.916372
553	0.915846
554	0.915444
555	0.91486
556	0.914398
557	0.913837
558	0.913256
559	0.912654
560	0.911962
561	0.911596
562	0.910981
563	0.910474
564	0.909827
565	0.909369
566	0.908953
567	0.908423
568	0.9078
569	0.907182
570	0.906347
571	0.905855
572	0.905271
573	0.90479
574	0.903985
575	0.903404
576	0.902859
577	0.902202
578	0.901568
579	0.900997
580	0.900207
581	0.899692
582	0.898919
583	0.898416
584	0.897506
585	0.897044
586	0.896286
587	0.895636
588	0.895098
589	0.894434
590	0.893551
591	0.892914
592	0.892306
593	0.891683
594	0.890614
595	0.890194
596	0.889586
597	0.888799
598	0.888095
599	0.887414
600	0.886699
601	0.885975
602	0.885225
603	0.884516
604	0.883683
605	0.882866
606	0.882454
607	0.881671
608	0.880694
609	0.880076
610	0.879199
611	0.87839
612	0.877685
613	0.876924
614	0.876109
615	0.875367
616	0.874551
617	0.873701
618	0.873003
619	0.872139
620	0.871322
621	0.870696
622	0.869956
623	0.869064
624	0.868303
625	0.86735
626	0.866664
627	0.865817
628	0.86497
629	0.864068
630	0.863103
631	0.862304
632	0.861396
633	0.860555
634	0.859664
635	0.85895
636	0.858032
637	0.857118
638	0.856266
639	0.855351
640	0.854707
641	0.853795
642	0.852915
643	0.851864
644	0.851078
645	0.850127
646	0.849277
647	0.848377
648	0.847402
649	0.846489
650	0.845569
651	0.84473
652	0.843753
653	0.8428
654	0.841831
655	0.840785
656	0.83998
657	0.838938
658	0.838103
659	0.837077
660	0.836148
661	0.835174
662	0.834243
663	0.833303
664	0.832402
665	0.831359
666	0.830418
667	0.829452
668	0.828512
669	0.827568
670	0.826416
671	0.825587
672	0.824579
673	0.823529
674	0.822673
675	0.821493
676	0.820593
677	0.819555
678	0.818547
679	0.817648
680	0.816583
681	0.815585
682	0.814551
683	0.813635
684	0.812429
685	0.811472
686	0.810626
687	0.8094
688	0.808352
689	0.807309
690	0.806368
691	0.805302
692	0.804092
693	0.80311
694	0.802049
695	0.801144
696	0.799952
697	0.79899
698	0.798003
699	0.797004
700	0.795824
830     0.72      # Extrapolation
900     0.76      # Extrapolation
999     0.87      # Extrapolation
