LECROYWR6050,10702,Histogram 
 Segments,1,SegmentSize,200 
 Segment,TrigTime,TimeSinceSegment1 
 #1,02-Jun-2017 12:16:09,0 
 Time,Ampl 
-200.0,0 
-195.6,0 
-191.2,0 
-186.8,0 
-182.4,0 
-178.0,0 
-173.6,0 
-169.2,0 
-164.8,0 
-160.4,0 
-156.0,0 
-151.6,0 
-147.2,0 
-142.8,0 
-138.4,0 
-134.0,0 
-129.6,0 
-125.2,0 
-120.8,0 
-116.4,0 
-112.0,0 
-107.6,0 
-103.2,0 
-98.8,0 
-94.4,0 
-90.0,0 
-85.6,0 
-81.2,0 
-76.8,0 
-72.4,0 
-68.0,2 
-63.6,0 
-59.2,1 
-54.8,4 
-50.4,10 
-46.0,24 
-41.6,40 
-37.2,97 
-32.8,179 
-28.4,288 
-24.0,464 
-19.6,628 
-15.2,885 
-10.8,961 
-6.4,1096 
-2.0,1215 
2.4,1144 
6.8,1060 
11.2,883 
15.6,694 
20.0,479 
24.4,366 
28.8,211 
33.2,152 
37.6,104 
42.0,97 
46.4,68 
50.8,61 
55.2,66 
59.6,50 
64.0,65 
68.4,71 
72.8,57 
77.2,40 
81.6,53 
86.0,51 
90.4,74 
94.8,62 
99.2,60 
103.6,56 
108.0,74 
112.4,50 
116.8,65 
121.2,65 
125.6,73 
130.0,68 
134.4,56 
138.8,51 
143.2,63 
147.6,56 
152.0,76 
156.4,76 
160.8,66 
165.2,80 
169.6,82 
174.0,86 
178.4,101 
182.8,87 
187.2,92 
191.6,108 
196.0,100 
200.4,123 
204.8,129 
209.2,106 
213.6,120 
218.0,132 
222.4,149 
226.8,170 
231.2,140 
235.6,155 
240.0,145 
244.4,174 
248.8,186 
253.2,180 
257.6,186 
262.0,207 
266.4,203 
270.8,173 
275.2,197 
279.6,206 
284.0,217 
288.4,204 
292.8,212 
297.2,219 
301.6,210 
306.0,225 
310.4,216 
314.8,210 
319.2,206 
323.6,238 
328.0,187 
332.4,191 
336.8,182 
341.2,198 
345.6,204 
350.0,180 
354.4,202 
358.8,186 
363.2,183 
367.6,172 
372.0,154 
376.4,144 
380.8,164 
385.2,149 
389.6,147 
394.0,125 
398.4,130 
402.8,128 
407.2,142 
411.6,126 
416.0,124 
420.4,112 
424.8,106 
429.2,85 
433.6,107 
438.0,104 
442.4,111 
446.8,91 
451.2,66 
455.6,97 
460.0,80 
464.4,74 
468.8,76 
473.2,81 
477.6,73 
482.0,83 
486.4,61 
490.8,82 
495.2,76 
499.6,75 
504.0,86 
508.4,82 
512.8,70 
517.2,58 
521.6,64 
526.0,73 
530.4,71 
534.8,65 
539.2,78 
543.6,67 
548.0,85 
552.4,69 
556.8,82 
561.2,70 
565.6,73 
570.0,68 
574.4,83 
578.8,79 
583.2,67 
587.6,63 
592.0,78 
596.4,67 
600.8,73 
605.2,85 
609.6,64 
614.0,84 
618.4,72 
622.8,95 
627.2,74 
631.6,79 
636.0,74 
640.4,71 
644.8,64 
649.2,76 
653.6,65 
658.0,52 
662.4,69 
666.8,71 
671.2,74 
675.6,70 
680.0,69 
684.4,78 
688.8,51 
693.2,61 
697.6,59 
702.0,61 
706.4,62 
710.8,68 
715.2,47 
719.6,85 
724.0,52 
728.4,43 
732.8,54 
737.2,57 
741.6,54 
746.0,50 
750.4,49 
754.8,51 
759.2,35 
763.6,59 
768.0,40 
772.4,49 
776.8,37 
781.2,40 
785.6,38 
790.0,38 
794.4,52 
798.8,26 
803.2,41 
807.6,35 
812.0,40 
816.4,30 
820.8,42 
825.2,37 
829.6,30 
834.0,29 
838.4,27 
842.8,30 
847.2,29 
851.6,31 
856.0,42 
860.4,25 
864.8,25 
869.2,19 
873.6,20 
878.0,21 
882.4,19 
886.8,21 
891.2,20 
895.6,27 
900.0,20 
904.4,34 
908.8,22 
913.2,23 
917.6,23 
922.0,10 
926.4,18 
930.8,21 
935.2,20 
939.6,16 
944.0,21 
948.4,26 
952.8,19 
957.2,21 
961.6,18 
966.0,13 
970.4,18 
974.8,21 
979.2,17 
983.6,19 
988.0,19 
992.4,13 
996.8,15 
1001.2,12 
1005.6,14 
1010.0,18 
1014.4,19 
1018.8,19 
1023.2,13 
1027.6,18 
1032.0,16 
1036.4,14 
1040.8,19 
1045.2,21 
1049.6,19 
1054.0,14 
1058.4,14 
1062.8,14 
1067.2,11 
1071.6,10 
1076.0,12 
1080.4,11 
1084.8,8 
1089.2,13 
1093.6,7 
1098.0,7 
1102.4,5 
1106.8,16 
1111.2,8 
1115.6,11 
1120.0,8 
1124.4,7 
1128.8,8 
1133.2,9 
1137.6,16 
1142.0,6 
1146.4,10 
1150.8,8 
1155.2,10 
1159.6,10 
1164.0,13 
1168.4,5 
1172.8,5 
1177.2,14 
1181.6,9 
1186.0,6 
1190.4,5 
1194.8,10 
1199.2,7 
1203.6,8 
1208.0,6 
1212.4,6 
1216.8,2 
1221.2,11 
1225.6,9 
1230.0,4 
1234.4,4 
1238.8,8 
1243.2,5 
1247.6,6 
1252.0,2 
1256.4,8 
1260.8,3 
1265.2,6 
1269.6,9 
1274.0,2 
1278.4,6 
1282.8,1 
1287.2,2 
1291.6,1 
1296.0,4 
1300.4,4 
1304.8,2 
1309.2,5 
1313.6,3 
1318.0,4 
1322.4,5 
1326.8,5 
1331.2,5 
1335.6,2 
1340.0,4 
1344.4,4 
1348.8,2 
1353.2,4 
1357.6,5 
1362.0,2 
1366.4,3 
1370.8,5 
1375.2,3 
1379.6,3 
1384.0,4 
1388.4,7 
1392.8,2 
1397.2,2 
1401.6,3 
1406.0,7 
1410.4,1 
1414.8,3 
1419.2,5 
1423.6,5 
1428.0,2 
1432.4,0 
1436.8,2 
1441.2,2 
1445.6,1 
1450.0,2 
1454.4,3 
1458.8,1 
1463.2,1 
1467.6,2 
1472.0,2 
1476.4,0 
1480.8,1 
1485.2,0 
1489.6,1 
1494.0,4 
1498.4,1 
1502.8,0 
1507.2,0 
1511.6,0 
1516.0,0 
1520.4,2 
1524.8,1 
1529.2,4 
1533.6,0 
1538.0,0 
1542.4,1 
1546.8,2 
1551.2,0 
1555.6,1 
1560.0,2 
1564.4,0 
1568.8,1 
1573.2,0 
1577.6,1 
1582.0,0 
1586.4,0 
1590.8,1 
1595.2,2 
1599.6,0 
1604.0,0 
1608.4,1 
1612.8,0 
1617.2,0 
1621.6,0 
1626.0,0 
1630.4,1 
1634.8,0 
1639.2,1 
1643.6,0 
1648.0,0 
1652.4,2 
1656.8,0 
1661.2,0 
1665.6,0 
1670.0,0 
1674.4,3 
1678.8,0 
1683.2,0 
1687.6,0 
1692.0,0 
1696.4,0 
1700.8,1 
1705.2,0 
1709.6,0 
1714.0,0 
1718.4,0 
1722.8,0 
1727.2,0 
1731.6,0 
1736.0,0 
1740.4,0 
1744.8,0 
1749.2,1 
1753.6,1 
1758.0,0 
1762.4,0 
1766.8,0 
1771.2,0 
1775.6,0 
1780.0,0 
1784.4,1 
1788.8,0 
1793.2,0 
1797.6,0 
1802.0,0 
1806.4,0 
1810.8,0 
1815.2,1 
1819.6,3 
1824.0,0 
1828.4,1 
1832.8,0 
1837.2,0 
1841.6,0 
1846.0,0 
1850.4,0 
1854.8,2 
1859.2,0 
1863.6,0 
1868.0,0 
1872.4,0 
1876.8,0 
1881.2,0 
1885.6,1 
1890.0,0 
1894.4,0 
1898.8,0 
1903.2,1 
1907.6,0 
1912.0,0 
1916.4,0 
1920.8,1 
1925.2,0 
1929.6,0 
1934.0,0 
1938.4,0 
1942.8,0 
1947.2,0 
1951.6,0 
1956.0,1 
1960.4,1 
1964.8,0 
1969.2,0 
1973.6,0 
1978.0,0 
1982.4,0 
1986.8,0 
1991.2,0 
1995.6,0 
