LECROYWR6050,10702,Histogram,
Segments,1,SegmentSize,200,
Segment,TrigTime,TimeSinceSegment1,
#1,02-Jun-2017,12:16:09,0,
Time,Ampl,
2724.500000,2
2725.500000,0
2726.500000,0
2727.500000,0
2728.500000,0
2729.500000,0
2730.500000,0
2731.500000,1
2732.500000,0
2733.500000,1
2734.500000,0
2735.500000,1
2736.500000,4
2737.500000,2
2738.500000,1
2739.500000,3
2740.500000,6
2741.500000,9
2742.500000,5
2743.500000,14
2744.500000,10
2745.500000,12
2746.500000,15
2747.500000,23
2748.500000,30
2749.500000,19
2750.500000,39
2751.500000,49
2752.500000,31
2753.500000,85
2754.500000,87
2755.500000,80
2756.500000,104
2757.500000,114
2758.500000,146
2759.500000,176
2760.500000,161
2761.500000,205
2762.500000,217
2763.500000,263
2764.500000,279
2765.500000,325
2766.500000,386
2767.500000,423
2768.500000,436
2769.500000,476
2770.500000,523
2771.500000,569
2772.500000,617
2773.500000,688
2774.500000,679
2775.500000,741
2776.500000,791
2777.500000,821
2778.500000,854
2779.500000,943
2780.500000,983
2781.500000,1018
2782.500000,981
2783.500000,1038
2784.500000,999
2785.500000,1115
2786.500000,1024
2787.500000,1034
2788.500000,1016
2789.500000,1062
2790.500000,1007
2791.500000,996
2792.500000,972
2793.500000,943
2794.500000,922
2795.500000,797
2796.500000,864
2797.500000,807
2798.500000,726
2799.500000,692
2800.500000,659
2801.500000,612
2802.500000,565
2803.500000,550
2804.500000,507
2805.500000,443
2806.500000,394
2807.500000,352
2808.500000,303
2809.500000,325
2810.500000,267
2811.500000,237
2812.500000,202
2813.500000,166
2814.500000,178
2815.500000,141
2816.500000,150
2817.500000,122
2818.500000,102
2819.500000,92
2820.500000,69
2821.500000,61
2822.500000,52
2823.500000,54
2824.500000,48
2825.500000,38
2826.500000,26
2827.500000,37
2828.500000,32
2829.500000,33
2830.500000,27
2831.500000,30
2832.500000,23
2833.500000,21
2834.500000,17
2835.500000,20
2836.500000,23
2837.500000,19
2838.500000,18
2839.500000,15
2840.500000,19
2841.500000,21
2842.500000,15
2843.500000,15
2844.500000,21
2845.500000,14
2846.500000,22
2847.500000,12
2848.500000,20
2849.500000,21
2850.500000,17
2851.500000,17
2852.500000,22
2853.500000,8
2854.500000,13
2855.500000,20
2856.500000,20
2857.500000,23
2858.500000,15
2859.500000,12
2860.500000,16
2861.500000,15
2862.500000,23
2863.500000,16
2864.500000,11
2865.500000,16
2866.500000,13
2867.500000,10
2868.500000,15
2869.500000,16
2870.500000,7
2871.500000,21
2872.500000,19
2873.500000,14
2874.500000,14
2875.500000,17
2876.500000,9
2877.500000,17
2878.500000,18
2879.500000,13
2880.500000,15
2881.500000,18
2882.500000,15
2883.500000,18
2884.500000,19
2885.500000,14
2886.500000,10
2887.500000,11
2888.500000,12
2889.500000,19
2890.500000,20
2891.500000,9
2892.500000,17
2893.500000,25
2894.500000,14
2895.500000,15
2896.500000,14
2897.500000,15
2898.500000,12
2899.500000,14
2900.500000,22
2901.500000,13
2902.500000,13
2903.500000,13
2904.500000,13
2905.500000,7
2906.500000,12
2907.500000,21
2908.500000,13
2909.500000,12
2910.500000,20
2911.500000,19
2912.500000,13
2913.500000,18
2914.500000,15
2915.500000,17
2916.500000,16
2917.500000,13
2918.500000,15
2919.500000,13
2920.500000,18
2921.500000,20
2922.500000,18
2923.500000,16
2924.500000,13
2925.500000,10
2926.500000,11
2927.500000,11
2928.500000,14
2929.500000,13
2930.500000,16
2931.500000,23
2932.500000,19
2933.500000,15
2934.500000,13
2935.500000,15
2936.500000,12
2937.500000,20
2938.500000,13
2939.500000,18
2940.500000,16
2941.500000,21
2942.500000,15
2943.500000,23
2944.500000,15
2945.500000,14
2946.500000,18
2947.500000,17
2948.500000,17
2949.500000,11
2950.500000,16
2951.500000,19
2952.500000,20
2953.500000,21
2954.500000,12
2955.500000,21
2956.500000,23
2957.500000,18
2958.500000,14
2959.500000,14
2960.500000,18
2961.500000,19
2962.500000,23
2963.500000,13
2964.500000,14
2965.500000,20
2966.500000,13
2967.500000,19
2968.500000,14
2969.500000,18
2970.500000,15
2971.500000,22
2972.500000,18
2973.500000,22
2974.500000,18
2975.500000,18
2976.500000,18
2977.500000,19
2978.500000,23
2979.500000,19
2980.500000,22
2981.500000,33
2982.500000,17
2983.500000,25
2984.500000,14
2985.500000,13
2986.500000,21
2987.500000,21
2988.500000,19
2989.500000,27
2990.500000,16
2991.500000,25
2992.500000,17
2993.500000,29
2994.500000,22
2995.500000,18
2996.500000,25
2997.500000,18
2998.500000,31
2999.500000,27
3000.500000,30
3001.500000,29
3002.500000,30
3003.500000,15
3004.500000,23
3005.500000,20
3006.500000,19
3007.500000,22
3008.500000,30
3009.500000,20
3010.500000,28
3011.500000,26
3012.500000,29
3013.500000,21
3014.500000,21
3015.500000,27
3016.500000,26
3017.500000,28
3018.500000,34
3019.500000,31
3020.500000,18
3021.500000,23
3022.500000,28
3023.500000,28
3024.500000,21
3025.500000,24
3026.500000,35
3027.500000,25
3028.500000,21
3029.500000,24
3030.500000,22
3031.500000,36
3032.500000,32
3033.500000,32
3034.500000,29
3035.500000,31
3036.500000,24
3037.500000,31
3038.500000,24
3039.500000,33
3040.500000,20
3041.500000,31
3042.500000,25
3043.500000,31
3044.500000,33
3045.500000,21
3046.500000,23
3047.500000,34
3048.500000,24
3049.500000,23
3050.500000,34
3051.500000,30
3052.500000,29
3053.500000,32
3054.500000,30
3055.500000,33
3056.500000,42
3057.500000,31
3058.500000,29
3059.500000,29
3060.500000,29
3061.500000,32
3062.500000,28
3063.500000,49
3064.500000,42
3065.500000,29
3066.500000,33
3067.500000,27
3068.500000,33
3069.500000,51
3070.500000,35
3071.500000,42
3072.500000,36
3073.500000,40
3074.500000,46
3075.500000,43
3076.500000,33
3077.500000,25
3078.500000,52
3079.500000,39
3080.500000,37
3081.500000,37
3082.500000,40
3083.500000,36
3084.500000,35
3085.500000,29
3086.500000,49
3087.500000,33
3088.500000,36
3089.500000,37
3090.500000,32
3091.500000,49
3092.500000,31
3093.500000,42
3094.500000,45
3095.500000,40
3096.500000,42
3097.500000,49
3098.500000,40
3099.500000,45
3100.500000,35
3101.500000,32
3102.500000,40
3103.500000,37
3104.500000,46
3105.500000,45
3106.500000,35
3107.500000,42
3108.500000,48
3109.500000,29
3110.500000,37
3111.500000,40
3112.500000,39
3113.500000,37
3114.500000,42
3115.500000,42
3116.500000,36
3117.500000,47
3118.500000,45
3119.500000,38
3120.500000,42
3121.500000,39
3122.500000,37
3123.500000,34
3124.500000,40
3125.500000,37
3126.500000,45
3127.500000,38
3128.500000,35
3129.500000,38
3130.500000,37
3131.500000,41
3132.500000,46
3133.500000,37
3134.500000,51
3135.500000,36
3136.500000,26
3137.500000,20
3138.500000,38
3139.500000,33
3140.500000,42
3141.500000,45
3142.500000,36
3143.500000,42
3144.500000,36
3145.500000,40
3146.500000,49
3147.500000,32
3148.500000,32
3149.500000,46
3150.500000,31
3151.500000,24
3152.500000,39
3153.500000,30
3154.500000,39
3155.500000,32
3156.500000,46
3157.500000,34
3158.500000,43
3159.500000,34
3160.500000,34
3161.500000,43
3162.500000,31
3163.500000,34
3164.500000,39
3165.500000,30
3166.500000,24
3167.500000,36
3168.500000,34
3169.500000,39
3170.500000,31
3171.500000,36
3172.500000,39
3173.500000,40
3174.500000,29
3175.500000,30
3176.500000,31
3177.500000,35
3178.500000,27
3179.500000,31
3180.500000,32
3181.500000,26
3182.500000,24
3183.500000,33
3184.500000,29
3185.500000,29
3186.500000,27
3187.500000,36
3188.500000,28
3189.500000,30
3190.500000,39
3191.500000,19
3192.500000,26
3193.500000,29
3194.500000,21
3195.500000,23
3196.500000,29
3197.500000,32
3198.500000,27
3199.500000,29
3200.500000,29
3201.500000,24
3202.500000,21
3203.500000,35
3204.500000,35
3205.500000,34
3206.500000,21
3207.500000,26
3208.500000,23
3209.500000,23
3210.500000,33
3211.500000,22
3212.500000,27
3213.500000,22
3214.500000,21
3215.500000,22
3216.500000,20
3217.500000,28
3218.500000,20
3219.500000,22
3220.500000,22
3221.500000,30
3222.500000,27
3223.500000,24
3224.500000,23
3225.500000,28
3226.500000,10
3227.500000,20
3228.500000,16
3229.500000,12
3230.500000,13
3231.500000,17
3232.500000,15
3233.500000,22
3234.500000,18
3235.500000,26
3236.500000,16
3237.500000,15
3238.500000,20
3239.500000,13
3240.500000,16
3241.500000,16
3242.500000,9
3243.500000,12
3244.500000,16
3245.500000,14
3246.500000,18
3247.500000,19
3248.500000,23
3249.500000,13
3250.500000,19
3251.500000,11
3252.500000,13
3253.500000,6
3254.500000,12
3255.500000,15
3256.500000,11
3257.500000,7
3258.500000,16
3259.500000,13
3260.500000,21
3261.500000,15
3262.500000,11
3263.500000,6
3264.500000,13
3265.500000,9
3266.500000,7
3267.500000,14
3268.500000,10
3269.500000,16
3270.500000,4
3271.500000,18
3272.500000,12
3273.500000,14
3274.500000,10
3275.500000,5
3276.500000,10
3277.500000,9
3278.500000,7
3279.500000,19
3280.500000,11
3281.500000,15
3282.500000,10
3283.500000,5
3284.500000,13
3285.500000,8
3286.500000,14
3287.500000,12
3288.500000,8
3289.500000,10
3290.500000,7
3291.500000,10
3292.500000,15
3293.500000,12
3294.500000,4
3295.500000,7
3296.500000,6
3297.500000,11
3298.500000,7
3299.500000,10
3300.500000,10
3301.500000,6
3302.500000,7
3303.500000,4
3304.500000,7
3305.500000,7
3306.500000,6
3307.500000,10
3308.500000,5
3309.500000,13
3310.500000,10
3311.500000,4
3312.500000,9
3313.500000,5
3314.500000,9
3315.500000,7
3316.500000,4
3317.500000,6
3318.500000,11
3319.500000,5
3320.500000,8
3321.500000,7
3322.500000,13
3323.500000,4
3324.500000,6
3325.500000,2
3326.500000,9
3327.500000,4
3328.500000,3
3329.500000,5
3330.500000,8
3331.500000,7
3332.500000,9
3333.500000,6
3334.500000,3
3335.500000,7
3336.500000,4
3337.500000,4
3338.500000,6
3339.500000,7
3340.500000,4
3341.500000,4
3342.500000,7
3343.500000,11
3344.500000,5
3345.500000,7
3346.500000,6
3347.500000,4
3348.500000,4
3349.500000,8
3350.500000,6
3351.500000,11
3352.500000,8
3353.500000,7
3354.500000,6
3355.500000,4
3356.500000,7
3357.500000,5
3358.500000,5
3359.500000,3
3360.500000,3
3361.500000,5
3362.500000,5
3363.500000,4
3364.500000,3
3365.500000,4
3366.500000,9
3367.500000,7
3368.500000,2
3369.500000,6
3370.500000,4
3371.500000,6
3372.500000,7
3373.500000,4
3374.500000,5
3375.500000,3
3376.500000,7
3377.500000,3
3378.500000,5
3379.500000,5
3380.500000,8
3381.500000,2
3382.500000,5
3383.500000,7
3384.500000,6
3385.500000,7
3386.500000,6
3387.500000,5
3388.500000,6
3389.500000,8
3390.500000,7
3391.500000,3
3392.500000,5
3393.500000,5
3394.500000,4
3395.500000,2
3396.500000,2
3397.500000,7
3398.500000,3
3399.500000,3
3400.500000,3
3401.500000,2
3402.500000,9
3403.500000,6
3404.500000,5
3405.500000,3
3406.500000,4
3407.500000,9
3408.500000,1
3409.500000,4
3410.500000,7
3411.500000,4
3412.500000,7
3413.500000,5
3414.500000,6
3415.500000,7
3416.500000,2
3417.500000,3
3418.500000,4
3419.500000,3
3420.500000,4
3421.500000,7
3422.500000,7
3423.500000,2
3424.500000,5
3425.500000,5
3426.500000,4
3427.500000,1
3428.500000,3
3429.500000,4
3430.500000,8
3431.500000,4
3432.500000,6
3433.500000,1
3434.500000,7
3435.500000,8
3436.500000,3
3437.500000,5
3438.500000,5
3439.500000,6
3440.500000,4
3441.500000,2
3442.500000,2
3443.500000,1
3444.500000,5
3445.500000,8
3446.500000,4
3447.500000,3
3448.500000,4
3449.500000,10
3450.500000,7
3451.500000,1
3452.500000,2
3453.500000,4
3454.500000,7
3455.500000,2
3456.500000,6
3457.500000,3
3458.500000,3
3459.500000,3
3460.500000,3
3461.500000,4
3462.500000,0
3463.500000,4
3464.500000,2
3465.500000,3
3466.500000,4
3467.500000,5
3468.500000,9
3469.500000,3
3470.500000,3
3471.500000,2
3472.500000,2
3473.500000,0
3474.500000,5
3475.500000,2
3476.500000,6
3477.500000,5
3478.500000,5
3479.500000,4
3480.500000,3
3481.500000,5
3482.500000,2
3483.500000,4
3484.500000,5
3485.500000,4
3486.500000,3
3487.500000,4
3488.500000,1
3489.500000,3
3490.500000,3
3491.500000,1
3492.500000,1
3493.500000,4
3494.500000,5
3495.500000,3
3496.500000,1
3497.500000,4
3498.500000,3
3499.500000,3
3500.500000,3
3501.500000,3
3502.500000,6
3503.500000,2
3504.500000,6
3505.500000,2
3506.500000,5
3507.500000,5
3508.500000,2
3509.500000,3
3510.500000,2
3511.500000,5
3512.500000,5
3513.500000,3
3514.500000,1
3515.500000,3
3516.500000,2
3517.500000,4
3518.500000,5
3519.500000,2
3520.500000,4
3521.500000,3
3522.500000,2
3523.500000,0
3524.500000,5
3525.500000,1
3526.500000,4
3527.500000,3
3528.500000,3
3529.500000,2
3530.500000,9
3531.500000,4
3532.500000,0
3533.500000,0
3534.500000,2
3535.500000,3
3536.500000,2
3537.500000,3
3538.500000,1
3539.500000,1
3540.500000,4
3541.500000,4
3542.500000,7
3543.500000,0
3544.500000,2
3545.500000,3
3546.500000,5
3547.500000,2
3548.500000,3
3549.500000,3
3550.500000,2
3551.500000,3
3552.500000,1
3553.500000,2
3554.500000,0
3555.500000,1
3556.500000,3
3557.500000,1
3558.500000,4
3559.500000,5
3560.500000,0
3561.500000,2
3562.500000,2
3563.500000,0
3564.500000,4
3565.500000,2
3566.500000,3
3567.500000,4
3568.500000,3
3569.500000,2
3570.500000,0
3571.500000,4
3572.500000,4
3573.500000,2
3574.500000,0
3575.500000,2
3576.500000,1
3577.500000,1
3578.500000,5
3579.500000,1
3580.500000,4
3581.500000,5
3582.500000,3
3583.500000,1
3584.500000,3
3585.500000,2
3586.500000,0
3587.500000,8
3588.500000,3
3589.500000,2
3590.500000,1
3591.500000,1
3592.500000,2
3593.500000,2
3594.500000,4
3595.500000,1
3596.500000,2
3597.500000,0
3598.500000,0
3599.500000,3
3600.500000,1
3601.500000,4
3602.500000,2
3603.500000,3
3604.500000,1
3605.500000,1
3606.500000,0
3607.500000,2
3608.500000,2
3609.500000,2
3610.500000,3
3611.500000,3
3612.500000,1
3613.500000,3
3614.500000,4
3615.500000,0
3616.500000,2
3617.500000,0
3618.500000,0
3619.500000,0
3620.500000,3
3621.500000,2
3622.500000,4
3623.500000,1
3624.500000,2
3625.500000,2
3626.500000,3
3627.500000,0
3628.500000,0
3629.500000,2
3630.500000,1
3631.500000,1
3632.500000,0
3633.500000,5
3634.500000,4
3635.500000,1
3636.500000,0
3637.500000,3
3638.500000,0
3639.500000,1
3640.500000,0
3641.500000,2
3642.500000,2
3643.500000,2
3644.500000,3
3645.500000,1
3646.500000,1
3647.500000,1
3648.500000,2
3649.500000,2
3650.500000,0
3651.500000,3
3652.500000,1
3653.500000,3
3654.500000,0
3655.500000,1
3656.500000,1
3657.500000,3
3658.500000,3
3659.500000,0
3660.500000,2
3661.500000,2
3662.500000,1
3663.500000,2
3664.500000,1
3665.500000,0
3666.500000,2
3667.500000,2
3668.500000,0
3669.500000,1
3670.500000,1
3671.500000,1
3672.500000,0
3673.500000,0
3674.500000,0
3675.500000,0
3676.500000,1
3677.500000,1
3678.500000,0
3679.500000,0
3680.500000,2
3681.500000,3
3682.500000,1
3683.500000,1
3684.500000,0
3685.500000,1
3686.500000,3
3687.500000,1
3688.500000,2
3689.500000,1
3690.500000,0
3691.500000,0
3692.500000,0
3693.500000,1
3694.500000,2
3695.500000,0
3696.500000,0
3697.500000,2
3698.500000,1
3699.500000,0
3700.500000,0
3701.500000,0
3702.500000,0
3703.500000,1
3704.500000,2
3705.500000,2
3706.500000,2
3707.500000,0
3708.500000,2
3709.500000,0
3710.500000,4
3711.500000,0
3712.500000,1
3713.500000,2
3714.500000,0
3715.500000,0
3716.500000,1
3717.500000,0
3718.500000,0
3719.500000,1
3720.500000,1
3721.500000,2
3722.500000,0
3723.500000,2
3724.500000,0
3725.500000,0
3726.500000,2
3727.500000,0
3728.500000,1
3729.500000,2
3730.500000,1
3731.500000,2
3732.500000,2
3733.500000,1
3734.500000,0
3735.500000,0
3736.500000,1
3737.500000,1
3738.500000,1
3739.500000,1
3740.500000,1
3741.500000,1
3742.500000,1
3743.500000,1
3744.500000,0
3745.500000,1
3746.500000,0
3747.500000,1
3748.500000,2
3749.500000,0
3750.500000,2
3751.500000,0
3752.500000,0
3753.500000,0
3754.500000,0
3755.500000,0
3756.500000,1
3757.500000,1
3758.500000,0
3759.500000,0
3760.500000,0
3761.500000,0
3762.500000,0
3763.500000,1
3764.500000,0
3765.500000,0
3766.500000,1
3767.500000,0
3768.500000,2
3769.500000,0
3770.500000,0
3771.500000,2
3772.500000,0
3773.500000,0
3774.500000,0
3775.500000,1
3776.500000,0
3777.500000,0
3778.500000,0
3779.500000,1
3780.500000,0
3781.500000,3
3782.500000,0
3783.500000,1
3784.500000,0
3785.500000,1
3786.500000,0
3787.500000,0
3788.500000,0
3789.500000,0
3790.500000,0
3791.500000,0
3792.500000,0
3793.500000,0
3794.500000,0
3795.500000,0
3796.500000,0
3797.500000,0
3798.500000,1
3799.500000,0
3800.500000,0
3801.500000,3
3802.500000,0
3803.500000,0
3804.500000,1
3805.500000,1
3806.500000,1
3807.500000,0
3808.500000,0
3809.500000,0
3810.500000,0
3811.500000,1
3812.500000,0
3813.500000,0
3814.500000,0
3815.500000,0
3816.500000,0
3817.500000,0
3818.500000,0
3819.500000,0
3820.500000,0
3821.500000,0
3822.500000,0
3823.500000,0
3824.500000,1
3825.500000,0
3826.500000,1
3827.500000,0
3828.500000,0
3829.500000,0
3830.500000,0
3831.500000,0
3832.500000,0
3833.500000,0
3834.500000,1
3835.500000,0
3836.500000,0
3837.500000,0
3838.500000,0
3839.500000,0
3840.500000,0
3841.500000,0
3842.500000,0
3843.500000,0
3844.500000,0
3845.500000,0
3846.500000,0
3847.500000,1
3848.500000,1
3849.500000,0
3850.500000,0
3851.500000,0
3852.500000,1
3853.500000,0
3854.500000,0
3855.500000,0
3856.500000,0
3857.500000,0
3858.500000,0
3859.500000,1
3860.500000,2
3861.500000,3
3862.500000,1
3863.500000,1
3864.500000,0
3865.500000,0
3866.500000,0
3867.500000,0
3868.500000,0
3869.500000,1
3870.500000,0
3871.500000,0
3872.500000,0
3873.500000,0
3874.500000,0
3875.500000,0
3876.500000,0
3877.500000,0
3878.500000,1
3879.500000,0
3880.500000,0
3881.500000,0
3882.500000,0
3883.500000,0
3884.500000,0
3885.500000,1
3886.500000,0
3887.500000,0
3888.500000,0
3889.500000,0
3890.500000,0
3891.500000,0
3892.500000,0
3893.500000,0
3894.500000,0
3895.500000,0
3896.500000,0
3897.500000,0
3898.500000,2
3899.500000,0
3900.500000,1
3901.500000,0
3902.500000,0
3903.500000,0
3904.500000,0
3905.500000,0
3906.500000,0
3907.500000,0
3908.500000,0
3909.500000,0
3910.500000,0
3911.500000,1
3912.500000,0
3913.500000,0
3914.500000,1
3915.500000,0
3916.500000,0
3917.500000,0
3918.500000,0
3919.500000,0
3920.500000,0
3921.500000,0
3922.500000,0
3923.500000,0
3924.500000,0
3925.500000,0
3926.500000,0
3927.500000,0
3928.500000,0
3929.500000,0
3930.500000,0
3931.500000,0
3932.500000,0
3933.500000,1
3934.500000,0
3935.500000,1
3936.500000,0
3937.500000,1
3938.500000,0
3939.500000,0
3940.500000,0
3941.500000,0
3942.500000,0
3943.500000,0
3944.500000,0
3945.500000,0
3946.500000,0
3947.500000,0
3948.500000,0
3949.500000,0
3950.500000,0
3951.500000,0
3952.500000,0
3953.500000,0
3954.500000,0
3955.500000,0
3956.500000,0
3957.500000,0
3958.500000,1
3959.500000,1
3960.500000,0
3961.500000,0
3962.500000,0
3963.500000,0
3964.500000,1
3965.500000,0
3966.500000,0
3967.500000,0
3968.500000,0
3969.500000,0
3970.500000,0
3971.500000,0
3972.500000,0
3973.500000,0
3974.500000,0
3975.500000,0
3976.500000,0
3977.500000,0
3978.500000,1
3979.500000,0
3980.500000,1
3981.500000,0
3982.500000,0
3983.500000,0
3984.500000,0
3985.500000,0
3986.500000,1
3987.500000,0
3988.500000,0
3989.500000,0
3990.500000,0
3991.500000,0
3992.500000,0
3993.500000,0
3994.500000,0
3995.500000,0
3996.500000,0
3997.500000,0
3998.500000,0
3999.500000,0
4000.500000,0
4001.500000,0
4002.500000,0
4003.500000,0
4004.500000,0
4005.500000,0
4006.500000,0
4007.500000,0
4008.500000,0
4009.500000,0
4010.500000,0
4011.500000,2
4012.500000,0
4013.500000,0
4014.500000,0
4015.500000,0
4016.500000,0
4017.500000,0
4018.500000,0
4019.500000,0
4020.500000,0
4021.500000,0
4022.500000,0
4023.500000,0
4024.500000,0
4025.500000,0
4026.500000,0
4027.500000,0
4028.500000,0
4029.500000,0
4030.500000,0
4031.500000,1
4032.500000,0
4033.500000,0
4034.500000,0
4035.500000,0
4036.500000,0
4037.500000,0
4038.500000,0
4039.500000,0
4040.500000,0
4041.500000,0
4042.500000,0
4043.500000,1
4044.500000,0
4045.500000,0
4046.500000,0
4047.500000,0
4048.500000,0
4049.500000,0
4050.500000,0
4051.500000,0
4052.500000,0
4053.500000,0
4054.500000,0
4055.500000,0
4056.500000,1
4057.500000,0
4058.500000,0
4059.500000,0
4060.500000,0
4061.500000,0
4062.500000,0
4063.500000,0
4064.500000,0
4065.500000,0
4066.500000,0
4067.500000,0
4068.500000,0
4069.500000,0
4070.500000,0
4071.500000,0
4072.500000,1
4073.500000,1
4074.500000,1
4075.500000,0
4076.500000,0
4077.500000,0
4078.500000,0
4079.500000,0
4080.500000,0
4081.500000,0
4082.500000,0
4083.500000,0
4084.500000,0
4085.500000,0
4086.500000,0
4087.500000,0
4088.500000,0
4089.500000,0
4090.500000,0
4091.500000,0
4092.500000,0
4093.500000,0
4094.500000,0
4095.500000,0
4096.500000,0
4097.500000,0
4098.500000,0
4099.500000,0
4100.500000,0
4101.500000,0
4102.500000,0
4103.500000,0
4104.500000,0
4105.500000,0
4106.500000,0
4107.500000,0
4108.500000,0
4109.500000,0
4110.500000,0
4111.500000,0
4112.500000,0
4113.500000,0
4114.500000,0
4115.500000,0
4116.500000,0
4117.500000,0
4118.500000,0
4119.500000,0
4120.500000,0
4121.500000,0
4122.500000,0
4123.500000,0
4124.500000,0
4125.500000,0
4126.500000,0
4127.500000,0
4128.500000,0
4129.500000,0
4130.500000,0
4131.500000,0
4132.500000,0
4133.500000,0
4134.500000,0
4135.500000,0
4136.500000,0
4137.500000,0
4138.500000,0
4139.500000,0
4140.500000,0
4141.500000,0
4142.500000,0
4143.500000,0
4144.500000,0
4145.500000,0
4146.500000,0
4147.500000,0
4148.500000,0
4149.500000,0
4150.500000,0
4151.500000,0
4152.500000,0
4153.500000,0
4154.500000,0
4155.500000,0
4156.500000,0
4157.500000,0
4158.500000,0
4159.500000,0
4160.500000,0
4161.500000,0
4162.500000,0
4163.500000,0
4164.500000,0
4165.500000,0
4166.500000,0
4167.500000,0
4168.500000,0
4169.500000,0
4170.500000,0
4171.500000,0
4172.500000,0
4173.500000,0
4174.500000,0
4175.500000,0
4176.500000,0
4177.500000,0
4178.500000,1
4179.500000,0
4180.500000,0
4181.500000,0
4182.500000,0
4183.500000,0
4184.500000,0
4185.500000,0
4186.500000,0
4187.500000,0
4188.500000,0
4189.500000,0
4190.500000,0
4191.500000,0
4192.500000,0
4193.500000,0
4194.500000,0
4195.500000,0
4196.500000,0
4197.500000,0
4198.500000,0
4199.500000,0
4200.500000,0
4201.500000,0
4202.500000,0
4203.500000,0
4204.500000,0
4205.500000,0
4206.500000,0
4207.500000,0
4208.500000,0
4209.500000,0
4210.500000,0
4211.500000,0
4212.500000,0
4213.500000,0
4214.500000,0
4215.500000,0
4216.500000,0
4217.500000,0
4218.500000,0
4219.500000,0
4220.500000,0
4221.500000,0
4222.500000,0
4223.500000,0
4224.500000,0
4225.500000,0
4226.500000,0
4227.500000,0
4228.500000,0
4229.500000,0
4230.500000,0
4231.500000,0
4232.500000,0
4233.500000,0
4234.500000,0
4235.500000,0
4236.500000,0
4237.500000,0
4238.500000,0
4239.500000,0
4240.500000,0
4241.500000,0
4242.500000,0
4243.500000,0
4244.500000,0
4245.500000,0
4246.500000,0
4247.500000,0
4248.500000,0
4249.500000,0
4250.500000,0
4251.500000,0
4252.500000,0
4253.500000,0
4254.500000,0
4255.500000,0
4256.500000,0
4257.500000,0
4258.500000,0
4259.500000,0
4260.500000,0
4261.500000,0
4262.500000,0
4263.500000,0
4264.500000,0
4265.500000,0
4266.500000,0
4267.500000,0
4268.500000,0
4269.500000,0
4270.500000,0
4271.500000,0
4272.500000,0
4273.500000,0
4274.500000,0
4275.500000,0
4276.500000,0
4277.500000,0
4278.500000,0
4279.500000,0
4280.500000,0
4281.500000,0
4282.500000,0
4283.500000,0
4284.500000,0
4285.500000,0
4286.500000,0
4287.500000,0
4288.500000,0
4289.500000,0
4290.500000,0
4291.500000,0
4292.500000,0
4293.500000,0
4294.500000,0
4295.500000,0
4296.500000,0
4297.500000,0
4298.500000,0
4299.500000,1
4300.500000,0
4301.500000,0
4302.500000,0
4303.500000,0
4304.500000,0
4305.500000,0
4306.500000,0
4307.500000,0
4308.500000,0
4309.500000,0
4310.500000,0
4311.500000,0
4312.500000,0
4313.500000,0
4314.500000,0
4315.500000,0
4316.500000,0
4317.500000,0
4318.500000,1
